# Created by Octave 3.8.0, Thu Jul 17 13:37:53 2014 BRT <roberto@knuth>
# name: dynamics_walk4
# type: matrix
# rows: 710
# columns: 6
 1.529261465789284 -0.104827868250994 2.889719879392098 2.899781846829458 -22.37706521050541 31.88967589871807
 1.458223163533712 -0.003590801905857255 2.894574677696191 2.899449059946121 -29.94103678301214 -38.00779831908662
 1.363172253111451 -0.1242504791093069 2.899203957580425 2.899437660574991 -19.32021778494405 -63.46197138729018
 1.301838228397343 -0.3257170549419741 2.903531488542684 2.899043214609565 -25.45784822013444 -31.46323693922482
 1.221019662619138 -0.4256003468125291 2.907664308315374 2.898009192212924 0.3336822925712246 59.13700046756372
 1.222078971484444 -0.2378638373916919 2.911540561212577 2.896658080000821 -10.630055998791 -59.70713135182738
 1.188332761964472 -0.4274102861276519 2.915420176995068 2.895902956707514 -29.82652583109682 21.52770373076221
 1.093645378373689 -0.3590683695220576 2.919192661953685 2.894546098656315 1.52722947560453 41.44420126918654
 1.09849372591529 -0.227499476604005 2.92266455204376 2.89340619907053 33.85949286358994 -11.05035685106954
 1.205984179450497 -0.2625799745439084 2.926151833713333 2.892683978509883 155.2966315874905 60.62138591753789
 1.698989359093324 -0.07013113036124841 2.929980354917937 2.891850391289108 -236.7974496866389 -106.7842360126669
 0.9472514235801843 -0.4091287050046355 2.935373971930932 2.891627752780025 -50.61765874550211 47.58126172835405
 0.7865604434357332 -0.2580770804701782 2.938381119307377 2.890328931494296 -65.65428707039271 -7.725812851707792
 0.5781341352757563 -0.2826034704755997 2.940878136588125 2.889509639175343 -39.47930612809692 2.416879312090381
 0.4528030047103693 -0.2749308377388049 2.942713483049318 2.888612485300817 8.04743688834516 -0.3266534780004493
 0.4783504234035285 -0.2759678329070603 2.944150952905542 2.887739688990536 -60.6844798310065 -26.06466055242325
 0.285701281082873 -0.3587127870417373 2.945669525678251 2.8868636006321 -177.7288277282085 65.5876053109267
 -0.2785172196415986 -0.1504981670070493 2.946576513872165 2.885724829879587 -3.538640703729967 -62.99962034906117
 -0.2897509996534398 -0.3504969617659737 2.945692332222509 2.885247057920834 -88.6215804112455 28.21265963846332
 -0.5710893501653302 -0.2609329629137092 2.944772487779165 2.884134369153323 -46.14934783851097 22.99640978510902
 -0.7175952163193333 -0.1879284874054266 2.942959505715148 2.883306010540899 216.4877547049726 -1.74364896730792
 -0.03033250297021395 -0.1934638809524358 2.940681425663341 2.882709412168183 -284.3622751489108 -13.02647392087095
 -0.9330698843953278 -0.2348177664155182 2.940585132003118 2.882095241117541 -196.2707932940412 -33.75661379186995
 -1.556151767868474 -0.3419816197230419 2.93762300538599 2.881349787890825 -121.8406572699092 -0.8272851992430441
 -1.942947505233266 -0.3446079219428611 2.93268284104355 2.880264131955196 -33.8280005245427 -29.48950691330168
 -2.050337983088957 -0.4382254042073108 2.926514753725349 2.879170138552203 185.5708718875154 56.33241666908877
 -1.461224104080971 -0.2593923354165528 2.920005744255226 2.877778946792815 -107.0214351855402 -45.25691191189621
 -1.800974691971575 -0.4030650716447948 2.915366937575604 2.876955479061333 -237.3625026894221 -12.84843626709329
 -2.554506446541169 -0.4438537582069957 2.909649557601091 2.875675907405318 -163.0145100774528 -41.44943051524871
 -3.072012827739432 -0.5754392519061979 2.901540013326357 2.874266847855455 -66.72330461319703 56.34127108403722
 -3.283832842384502 -0.3965780738616353 2.891787591650993 2.872440056579562 -153.9323380593736 -55.66581506679902
 -3.772506931461879 -0.5732949470895687 2.881362725484693 2.871181078567303 -69.76567344630773 19.36060692447201
 -3.993985259862856 -0.5118327028848957 2.869386513003862 2.869361094608288 54.16243370928549 -4.189323930939137
 -3.822041025865124 -0.5251321439354961 2.856707194718583 2.867736228884844 -47.03594489758686 18.70736098171627
 -3.971361485857463 -0.4657436963744921 2.844573731144408 2.86606914271362 8.597641386410649 6.354652454650467
 -3.944067386218064 -0.4455701965184589 2.831966234363908 2.864590591296559 -25.68568157083362 72.19408704812315
 -4.025609232474679 -0.2163826185879092 2.819445385518772 2.863176082736183 12.15835780048709 -81.7674575592435
 -3.987011271203291 -0.4759618489347139 2.806665673669646 2.862489153788284 -82.70910551389963 32.82054079725256
 -4.249579860136306 -0.3717696559275629 2.794008495030905 2.860978163791666 137.7434650308718 0.4190906317152798
 -3.812299018768459 -0.3704392094776732 2.780517765316187 2.859797942661737 49.52460282517018 -29.50462350237347
 -3.655078057418713 -0.4641046809137794 2.768415228748668 2.858621945171332 -36.37762099373484 -10.57827923818323
 -3.770562568509934 -0.4976865197651548 2.756811806344164 2.857148596977955 -24.50377451757803 -4.733728822410555
 -3.848352328883198 -0.5127142303124899 2.744841766444132 2.855568639772351 33.53722421550714 56.91573320701986
 -3.74188495042127 -0.3320293629886173 2.732624774923868 2.853940975549137 56.45195446250275 -37.11576028321253
 -3.562672396572055 -0.4498571734115142 2.720745775081261 2.852886914079332 -18.18255897114558 -59.88624529955111
 -3.620394806004263 -0.6399722378545336 2.709435703981032 2.851458796068502 40.89045372121819 66.17739621309222
 -3.49058384180992 -0.4298852657494789 2.697942387136574 2.849427138170551 368.4193021523496 -0.6253909026074811
 -2.320998755611985 -0.4318706336942646 2.686861168591146 2.848062423041188 -349.3225873173649 -30.74703465809099
 -3.429959350270286 -0.5294802675294741 2.67949291857333 2.846691405156444 -52.39510335107123 -20.13436811461739
 -3.596293011702258 -0.5933988964647674 2.668604158731202 2.845010515418255 38.77403249787181 33.5707309044018
 -3.473200845042348 -0.4868251475619045 2.657187355519449 2.843126709397732 80.04936005125205 -100.3326832961725
 -3.219075892498691 -0.8053416024703886 2.646161321090743 2.841581232738805 -20.66007029985609 97.80553273953913
 -3.284663417260139 -0.4948478477416929 2.635942032543128 2.839024592730963 16.77576567759052 -59.92325940071619
 -3.231407018283661 -0.685080417267776 2.625514529631191 2.837453647182576 55.14519323154812 105.0613107173651
 -3.056342912786683 -0.3515524467364584 2.615256094652513 2.83527878871506 81.34635698913529 -27.88762484796821
 -2.798100509646571 -0.4400845891109606 2.605553418738904 2.834162749201611 49.92684438436456 88.99358157356458
 -2.639602590966048 -0.1575652825282159 2.596670559978122 2.832765655267925 23.19769225940978 -121.2541501481377
 -2.565959123475858 -0.5424990925223039 2.58829086921315 2.832265448021804 118.6463816547387 75.2384588589823
 -2.189303943619545 -0.3036468421763283 2.580144967233862 2.830543228680463 91.60917237794985 -39.0956728137911
 -1.898481174165736 -0.4277600892042366 2.573194795984276 2.829579270451332 -104.3318756063117 27.86169953153177
 -2.229693477677837 -0.339310249421596 2.567167871621845 2.828221301914176 236.8748470965517 -78.16809219570497
 -1.477709836101482 -0.5874629230587547 2.560089479629217 2.827144126519186 -154.9023008759884 40.01350296721382
 -1.969463172215731 -0.4604359295120442 2.555398337292387 2.825279164858682 181.9541202214043 -0.09297996064553393
 -1.391831044528733 -0.4607311039902839 2.549146073253607 2.823817463495152 53.17115910190557 -23.59311577666954
 -1.223033714046493 -0.5356298842336793 2.544727562001134 2.822354825069786 -11.82194241049804 29.1271900453783
 -1.260563689952836 -0.4431626142483513 2.540844915289876 2.820654412738886 -39.94659078161543 -134.639637237111
 -1.387378263862726 -0.8705900340487038 2.536843125797962 2.819247547296827 152.7753501234669 20.47754072286234
 -0.9023771523596569 -0.8055819682618393 2.532438750357128 2.816483769410958 -52.97486144402084 14.55978252936516
 -1.070551315674009 -0.7593604364225848 2.529574060984558 2.813926366337111 119.41905638943 -6.884490909310537
