# Created by Octave 3.8.0, Thu Jul 17 13:37:53 2014 BRT <roberto@knuth>
# name: dynamics_walk5
# type: matrix
# rows: 647
# columns: 6
 1.909994999095872 -0.4725729609120499 2.717211310551185 2.776055228694815 96.29526429326873 -23.62386854949011
 2.215694250820535 -0.5475693690056693 2.723274786738791 2.774554997072872 -53.91000014088736 44.12583175192264
 2.044551393230416 -0.4074873634440102 2.730308736741396 2.772816681615712 100.892261391858 81.97989715159871
 2.364844286537902 -0.1472337216929032 2.736799376084984 2.771523070938112 31.63540654322919 -25.42099857183998
 2.465274148579899 -0.2279353044606491 2.74430681826447 2.771055662297817 37.79685465367174 -25.88285362660799
 2.58526416335346 -0.3101030937514682 2.752133085402819 2.770332058156672 33.4387784168626 -37.25695511789504
 2.691419015470484 -0.4283791417447858 2.760340273222988 2.769347603890794 31.49978252619017 68.78107956716401
 2.791418325077437 -0.2100265081982333 2.768884460573688 2.767987670107477 172.5707670879269 -4.154300754182494
 3.339262030118475 -0.2232147645607174 2.777746106050125 2.7673209192878 175.2235302569688 34.3752477246144
 3.895527205537423 -0.114086994006386 2.788346937891771 2.766612300987608 -338.8691425518289 -17.44124026352712
 2.819752149817332 -0.1694560107159959 2.800713690925223 2.766250120054254 -104.1925419177643 1.923944753267925
 2.488982175475223 -0.1633482495945104 2.809665285051627 2.765712164464679 18.37644412220299 10.73221642155764
 2.547320093323486 -0.1292777212721052 2.817566815767421 2.765193598592951 23.22728502296712 -20.50750418361221
 2.62105750609481 -0.1943809091565885 2.825653546222417 2.764783193128595 -47.7481393424961 54.15166813365104
 2.469476111356728 -0.02247085158944229 2.833974363702083 2.764166110877304 63.22218691630195 -64.8323015946844
 2.670181466646575 -0.2282876820487578 2.841813970404802 2.764094774840512 545.2383820880615 20.2155985980102
 4.401096965338834 -0.1641111785630112 2.850290736965585 2.763370052040357 -418.5369054632774 -26.20312783492864
 3.072408376566524 -0.2472957113723084 2.864262473363486 2.762849064171903 -17.36427281869118 18.33339373834333
 3.017283700951632 -0.1890944614093137 2.874016150749412 2.762063998421515 19.40687693564663 -86.57240731990481
 3.078892834080669 -0.4639275005201227 2.883594829165131 2.761463698544025 -17.50109739417127 35.66268836818627
 3.023333794734093 -0.3507126168115948 2.893369092130467 2.759990912828088 -53.96539592868036 61.53996559308916
 2.852015077500187 -0.1553476466748038 2.902966977193115 2.758877539441385 33.97676555373377 14.50743447947271
 2.959877825289818 -0.1092922991209222 2.912020993312163 2.758384372309084 3.274305842450531 499.1458842366822
 2.970272447011884 1.475297809566958 2.921417430852765 2.758037412629335 -65.91694124774892 -493.7595161756416
 2.761012316066649 -0.0921927179747617 2.930846867192486 2.762720897739071 32.11251433512253 93.12824220441971
 2.862956806019419 0.2034524953726025 2.939611985656189 2.762428222443913 -4.864263814478154 -68.54413894607295
 2.847514698671869 -0.01414794572604183 2.94870073742133 2.763074103381604 -64.8325333062737 4.247548101637022
 2.641697132620207 -0.0006636660383052551 2.957740466623463 2.763029189268188 36.34966075048974 12.8740825646838
 2.75709288103446 0.04020643734164331 2.966126806727019 2.763027082391876 -15.91873535121638 32.71956556578542
 2.70655721325282 0.1440780740584224 2.974879482539827 2.7631547218755 -76.98111885303933 -25.08823091898472
 2.462172708957457 0.06443289653783602 2.983471727661265 2.763612112586797 -157.0518563907104 51.30237669353722
 1.963595387082187 0.2272975844538272 2.991288148959542 2.763816661464695 44.64838619703848 -85.13634835407937
 2.105336295644213 -0.04297653730515494 2.99752178510901 2.764538241097882 -147.2801247235759 46.11293119686295
 1.637780344140798 0.1034137204626639 3.004205392396769 2.764401807646119 -90.72953810285473 468.5968835496367
 1.349750064449196 1.591022874588495 3.009404695076581 2.764730105171398 -170.5392073591407 -415.7884068332557
 0.8083557553725584 0.2710596782924446 3.013689615916102 2.769780971439932 -118.9168751412355 -55.45404202361407
 0.4308418660353031 0.09501510043970152 3.016255824663317 2.770641478355147 -118.993232530645 33.42486781928358
 0.05308557228722366 0.2011257919294906 3.017623576618985 2.770943113594638 -162.4367827665812 -100.6438230079891
 -0.4625867539558914 -0.1183784080958716 3.017792102245293 2.771581608172192 -164.28568691125 54.62529063347093
 -0.9841286171662089 0.05503521296276626 3.016323572867655 2.771205803702046 -137.0071664355354 -20.68004940089316
 -1.419072002675845 -0.01061573751625966 3.013199355035382 2.771380518663833 -183.6632786792784 35.78143862251891
 -2.00213003022911 0.1029761311266575 3.008694364550696 2.771346817909813 -13.56217965368645 -18.77927111969761
 -2.045184568812242 0.04335939741333172 3.002338396200763 2.771673726262596 -205.6376650678608 74.47785828768842
 -2.698002553154657 0.2797970427710728 2.995845746775962 2.771811375143273 -15.38089820904198 -56.61444702768126
 -2.74683080143733 0.1000686395085926 2.98728065930563 2.772699619723499 -85.07865528931391 -22.57287416023999
 -3.016921770609755 0.02840872153957674 2.978560561523289 2.773017297944161 -18.04966704336678 40.93656310187502
 -3.074222300906158 0.1583660647201324 2.968983032092782 2.773107484361747 -97.66027530857174 -37.40014332028835
 -3.384254920933369 0.03963545100493127 2.959223596216889 2.773610233773557 70.02820405266 -8.848344439599954
 -3.161943162036036 0.01154546865699491 2.948479929801228 2.773736060602144 -54.03133028597302 99.111853611996
 -3.333471194689919 0.3261862737744425 2.938442015001113 2.773772712883595 11.99631405353353 -81.78597463054719
 -3.295387658012034 0.06654825907429274 2.927859566764003 2.774808224863831 -30.2981997327294 31.05979560184394
 -3.391572419068318 0.1651507847944322 2.917398018643329 2.775019489178352 43.25560279278469 -24.50976669625907
 -3.25425304512297 0.08734200163170502 2.906631122074859 2.775543777384049 -34.40132000259447 -31.75590539817863
 -3.363463584813746 -0.01347039645775094 2.896300160026849 2.775821053579705 7.115105994822469 57.21517034146176
 -3.340875946734945 0.168165064943715 2.885622497852837 2.775778290416347 108.6620173669156 -1.559399817925489
 -2.995917161443149 0.1632145893312531 2.875016542466377 2.776312147765375 -66.29666711432405 -11.06429232302473
 -3.206382771329892 0.1280898517978413 2.865505694334812 2.776830289318807 68.62629845733669 -35.16834407536948
 -2.988521506385966 0.01644431505063659 2.855326701409955 2.777236923768959 -84.91064576961419 34.09489150967842
 -3.258079112003789 0.1246820658750125 2.845839331548412 2.777289127943723 116.6764450172715 -2.076485952172513
 -2.887677699250546 0.1180900469792268 2.835496223256337 2.777684944025866 19.99734358743821 0.8199095346624552
 -2.824194068814234 0.1206929343908536 2.826328992465065 2.778059833063895 -13.84268808554869 5.687222457851527
 -2.868139110355659 0.1387476088602235 2.817363297008512 2.778442985236565 49.87813817353873 8.825108519231362
 -2.709795814566647 0.1667638263815929 2.808258093483573 2.778883453836121 19.46792905565225 -17.85655571443004
 -2.647992865183624 0.1100763479230848 2.799655567088124 2.779412862808761 -5.356438491020111 11.85440670820573
 -2.664997431821783 0.1477093850919919 2.791249240531985 2.779762311532326 5.498597574177189 245.41849197251
 -2.647541566506935 0.9268157088142459 2.782788931224614 2.780231230215158 25.6047510015716 -197.2246701822648
 -2.566256642692422 0.3007056447435641 2.774384037362688 2.783173502306632 0.2920196821114551 -157.0149093048062
 -2.565329596082544 -0.1977543847955032 2.76623719087795 2.784128123401056 28.46076144623956 -125.1785976902868
 -2.474977972443688 -0.5951467584154613 2.758093287398323 2.783500331703292 31.77880416410476 94.6081460244835
 -2.374092879859229 -0.2948034377028153 2.75023621446993 2.781610976914672 -50.26820133323986 25.79830595900727
