# Created by Octave 3.8.0, Thu Jul 17 13:37:53 2014 BRT <roberto@knuth>
# name: dynamics_walk3
# type: matrix
# rows: 746
# columns: 6
 2.069518851659842 0.2600641470463794 2.913325351905588 2.841174388004116 13.00958038036166 -122.4513372885405
 2.110819106835593 -0.1286702570442255 2.919895253021968 2.84199998847093 -68.69707497947513 26.08465437267376
 1.892733154519799 -0.04586183046430881 2.926596266059541 2.841591511464441 -12.06796773382189 -5.232190850088736
 1.854422145840999 -0.06247196014713019 2.932604942740557 2.841445918351856 -17.33014791481192 -14.53126583127816
 1.799405803254295 -0.1086029627861085 2.938491997171798 2.841247594668849 12.9232527500705 -4.370561095899695
 1.840432002460868 -0.1224777599159488 2.944204396547208 2.840902823358417 -159.6026380924914 -81.35511191666993
 1.333756960897403 -0.3807479564768057 2.950047037824862 2.840514005072969 -42.87528660487384 28.5938365763087
 1.19764493992955 -0.2899738721075718 2.954281186907076 2.839305281401614 -84.0282540259447 -50.46355265862902
 0.9308885779424236 -0.4501756265794099 2.958083234335424 2.83838472942667 -86.65913862774016 19.0053015968554
 0.6557802013464231 -0.389841335795742 2.961038436170162 2.836955600453402 -77.47259768916041 11.49788565510453
 0.4098354467776599 -0.3533401114938228 2.963120278079198 2.835718008911193 -102.2944702262621 -10.43299332600754
 0.0850910968530183 -0.3864607252271801 2.964421342989603 2.83459629427153 -88.86375866519889 54.78418599228526
 -0.1970160735126925 -0.2125426744580206 2.964691473455803 2.833369434826364 -125.1013190170339 -82.44673299618979
 -0.5941631180112128 -0.474278334763385 2.964066025603382 2.832694696177291 -97.39936296991991 81.41030117574711
 -0.9033674448998474 -0.2158329342054577 2.962179793482711 2.831189050670106 114.6271293310278 -13.23185112241609
 -0.5394717962299178 -0.2578388107845564 2.959311960324299 2.830503866751994 -230.0468367055736 -298.5287300326816
 -1.26977921434285 -1.205549064856561 2.957599351447379 2.829685330844741 -91.03602651748798 324.435345097431
 -1.558782473128526 -0.1755955883567806 2.953568306322481 2.825858190956307 10.05217226342633 -45.27187717934937
 -1.526870815149395 -0.3193158333705881 2.948619790534771 2.825300744644064 9.391892178891636 16.72733775788123
 -1.497055284422755 -0.2662131738217588 2.943772581597789 2.824287043585744 -14.44680124155392 25.93562314959467
 -1.542918145507053 -0.183877862235744 2.939020025139304 2.823441922399009 270.0339793425551 -21.90654766895771
 -0.6856674174354493 -0.2534224580102129 2.934121872296425 2.822858183153816 -368.1272803827146 62.506826216539
 -1.854325450396448 -0.05498808906881925 2.931945150336312 2.822053667414101 198.6512547533638 -75.02761792749588
 -1.223686546417515 -0.2931710031243617 2.926058402874736 2.821879102051978 -328.013799696064 16.52000138886553
 -2.26500019624629 -0.2407265542708203 2.92217368367976 2.820948400454757 -28.7340351922613 -10.84439012884523
 -2.356219355586802 -0.2751531896004877 2.91498320686628 2.820184189171358 -178.2819469610664 -29.17032155315116
 -2.922193790383838 -0.3677573850073168 2.907503145419972 2.81931068698215 41.21349424728481 35.68990911235939
 -2.791357300709918 -0.2544560862379219 2.898226339736214 2.818143203220222 -36.94462447627031 -110.1801116438003
 -2.908641822856808 -0.6042342184404625 2.889364887987929 2.817335406121054 41.85011221483561 130.1149093951534
 -2.775784323762092 -0.1911710140114042 2.880131104423304 2.815417202252989 -40.11101919180483 -51.01033245885449
 -2.903120892624964 -0.3531085773728471 2.871319090697075 2.814810310145016 2.693868180254044 24.50293809292878
 -2.894568930147967 -0.2753214723159303 2.862102833895091 2.813689330534309 -42.05458585974304 -35.1571863736774
 -3.028075551924929 -0.386931587787922 2.852913726180335 2.812815294114258 33.98380737216533 40.45706777112407
 -2.92019044915615 -0.2584964520065758 2.843300787920256 2.811586939867313 -82.07282299165163 -63.68965932906712
 -3.180739093574092 -0.4606858467020269 2.834030342049919 2.810766316210149 2.036606341478076 20.44730469042445
 -3.174273676617019 -0.3957737683197271 2.823932757625875 2.809303821458714 -6.997955657159983 55.10524777167826
 -3.196489408861971 -0.2208364738064628 2.813855698335027 2.808047396797381 -90.37161314526148 -56.7165703964862
 -3.483383418846928 -0.4008890782397523 2.803708112910068 2.807346328626567 -21.03707237214021 27.1011723559427
 -3.550167775583881 -0.3148536104431088 2.792649752850237 2.806073664886124 -36.18723276132377 -12.13233978970292
 -3.665047879588084 -0.3533689748548641 2.781379378959494 2.805074129614876 39.6189226719438 40.87883491084857
 -3.539273521899373 -0.2235948957728051 2.769744306325881 2.803952323345495 68.95925735183187 -70.81553500706394
 -3.32035524459197 -0.4484061180174526 2.758508517367471 2.80324249827955 -7.425384222938347 49.68682159678917
 -3.343927892918759 -0.2906701764403441 2.747967707067179 2.80181898679378 38.89143760563542 312.8503647036202
 -3.220463011631027 0.7025055845235295 2.737352062962675 2.80089622432889 112.9649285262818 -293.4266990659253
 -2.861844190912672 -0.2290077458444872 2.727128370862259 2.803126400787695 30.3297344418422 18.27645710832032
 -2.765559319668729 -0.1709872470879148 2.718043151208568 2.802399392070728 -39.52662976952598 -0.01348328083773387
 -2.89104068401643 -0.1710300511540663 2.709263597812794 2.801856575413306 100.6005574454147 23.81007458775478
 -2.571673834983368 -0.09544251278024163 2.700085690879408 2.80131362286996 -8.931838442267271 -24.90941273440417
 -2.600028877657232 -0.1745200135243818 2.691921646958826 2.801010630765896 61.43063646884809 -43.68706234142895
 -2.405010984105334 -0.313209100322569 2.683667587029756 2.800456598976929 21.82523097754878 54.24828174824741
 -2.33572453655756 -0.1409923328678153 2.676032631524659 2.799462284372731 121.4807207587736 -55.68932101147232
 -1.950071454783675 -0.3177838281423306 2.668617632995905 2.799014689665214 30.18058602970124 -72.06273205693914
 -1.854260070562401 -0.5465544061008676 2.662426929964846 2.798005852115556 1.604786297204164 41.88618891556251
 -1.849165510888737 -0.4135823777974945 2.656540390058299 2.796270758762855 73.7932203529585 -2.997082328778244
 -1.614901319292044 -0.423096924872981 2.650670023357065 2.794957798833339 18.53374976176798 6.351997128214937
 -1.556064018461034 -0.4029318546246796 2.645543352502169 2.793614633992472 -62.29448871141796 -4.183960485410831
 -1.753824300084583 -0.4162142688640791 2.640603466729277 2.792335485247632 178.3130696446559 47.15624509757471
 -1.187751063117422 -0.266511903474953 2.635035770538532 2.791014170108381 75.90370325545832 364.2432956966778
 -0.9467869257985062 0.8898160193716431 2.631265132242921 2.79016810057354 41.26466702480933 -315.4766927338767
 -0.8157879828626036 -0.1116972908946323 2.628259459462609 2.79299291333345 67.04909157371571 -8.027136488641219
 -0.6029337238984267 -0.1371802638744457 2.62566965634241 2.792638318759181 780.9939355547964 -34.99966428056032
 1.876412103259657 -0.2482903092095579 2.623755581028447 2.792202825857992 -813.4413068380837 27.38132404904792
 -0.7059412517818786 -0.1613654709586121 2.629712444848319 2.791414602654152 56.11480152656792 23.47592836362988
 -0.527799024713409 -0.08683871424867595 2.627471361509329 2.790902331317776 85.05866259936835 -30.60243279504924
 -0.2577715243979539 -0.1839892945504196 2.625795809049921 2.790626652859844 49.92041557766358 5.053782732661716
 -0.09929401462759335 -0.167945539843557 2.624977486750245 2.790042559861271 57.42259373682009 -23.08509447643153
 0.08299993374326409 -0.2412315540544507 2.624662267656189 2.789509399417323 30.41780078276912 0.5692801306384165
 0.1795643806726899 -0.2394243155444875 2.624925759509342 2.788743584960007 32.32565247413536 5.479668270289928
 0.2821854996381989 -0.2220285432578528 2.625495805162271 2.787983507767803 -8.975795724018521 18.87785809012992
