# Created by Octave 3.8.0, Thu Jul 17 13:37:53 2014 BRT <roberto@knuth>
# name: dynamics_walk1
# type: matrix
# rows: 702
# columns: 6
 1.676306036170434 0.5043528195804559 2.817703838781455 2.821059794973064 67.09802764558755 -77.07822479416294
 1.889315647743728 0.2596600424561291 2.823025445245488 2.822660915035224 -40.92111153890501 -45.21159646794985
 1.759407357144029 0.1161311647800978 2.829023272698643 2.823485232630323 -30.19147332451843 28.0294294341625
 1.663561410082066 0.2051134804441057 2.834608692880053 2.823853902994705 -6.750202279203044 -37.23564249946166
 1.642132196497295 0.08690509155692583 2.839889840213647 2.824505056900876 48.13002514612674 -90.86856211115619
 1.794925927119919 -0.2015665341927764 2.845102958297765 2.824780946080422 9.721665104007204 -16.68689566270051
 1.825788356021529 -0.2545408061378573 2.850801135844177 2.82414105232108 -50.90747420301482 43.8018536508333
 1.664177326805609 -0.1154873024844183 2.856597289355357 2.823332986269849 -13.54816974786089 -15.36073751526776
 1.621167264113987 -0.1642515485646334 2.861880391980137 2.822966359912755 -364.1636293163281 67.13026377177995
 0.4650922504113586 0.0488603999172077 2.867026954723356 2.822444926425248 487.9230830199021 15.42129600500232
 2.014054418728508 0.0978168951711833 2.868503438057995 2.822600038805938 -31.2265593161816 -105.7702188913405
 1.914922484391424 -0.237961577499739 2.874897261609514 2.822910568631878 -6.153607041884602 -53.94218591274556
 1.895387223940996 -0.4092066121433757 2.880976380607582 2.822155135052514 -2.201511524791455 126.6416352392689
 1.888398298465468 -0.007169674875855403 2.886993482905807 2.820856066442535 10.51281425756969 -66.59078096200176
 1.921772311981562 -0.2185689795171308 2.892988398139031 2.820833305569913 58.25461054601578 56.32193812062825
 2.106707583556215 -0.03976917595958085 2.899089262621512 2.820139435793668 -48.60849619317514 -149.5982848176601
 1.952394897228675 -0.5146843658569145 2.90577722320423 2.820013184441416 -8.463103919388681 131.8838781046803
 1.925527900659187 -0.0960053877468181 2.911975302243051 2.818379265819648 -28.34044514468292 -50.40528693310755
 1.83555823353321 -0.2560221716614453 2.918088089229271 2.818074486810928 13.27891797919172 13.84272598564176
 1.877713528705247 -0.2120770098022651 2.923915258224615 2.817261718012003 -97.85370285061828 -52.93976864702732
 1.567066852988999 -0.3801397674118756 2.929876253553838 2.816588457663424 -7.895138143267289 35.6086872713423
 1.542002922375452 -0.2670963157568207 2.934851068960152 2.815381664751005 -37.14686557510544 -78.96515906882904
 1.424076364994165 -0.51777936041977 2.939746316332772 2.814533739939079 -87.48209460581296 44.56455727859435
 1.146355429737616 -0.3763045754083594 2.94426719368196 2.812889995937746 -53.65564338172938 27.76041791537741
 0.9760200539226016 -0.2881762645658914 2.947906417268429 2.811695378238037 -109.1701765966129 21.48339373667062
 0.6294480647270051 -0.2199750146082069 2.951004893630088 2.810780532953701 -41.67062824798774 13.24194034306293
 0.4971603560032345 -0.1779371087572135 2.953003141454618 2.810082199573992 -61.12055391052718 -19.84690186271273
 0.3031268515253704 -0.240943146416619 2.954581428299073 2.809517319863652 6.076328806194708 32.10152004619668
 0.3224167842434489 -0.1390335589683755 2.955543735764233 2.808752420986139 -137.3484978387081 40.95184556587511
 -0.113610193022291 -0.00902770002908948 2.956567281111037 2.808311044608462 -50.00643156982374 -21.76051303187295
 -0.2723607694344299 -0.07810869378106711 2.956206613831601 2.80828238524329 -137.7788492846923 8.246737723650133
 -0.7097539417667864 -0.05192857402344764 2.955341976468318 2.808034421136048 -4.026980892710053 104.9728467885105
 -0.7225380080928501 0.2813185586384903 2.953088789351598 2.807869568520101 -127.4166759240858 -59.33991075460708
 -1.127035391978837 0.0929378895762456 2.950795017897335 2.808762643309429 -28.65638748490774 -37.06885227647433
 -1.218008050661084 -0.02474100653954592 2.947217127764068 2.809057684228719 -149.9869585251383 46.34820964294508
 -1.694157125344062 0.122396166930121 2.943350435539748 2.808979141350816 -49.86392192010348 -20.57378849007682
 -1.852455290169788 0.05708255267590889 2.937972158951354 2.809367700610911 -125.0871559477272 2.547439697616916
 -2.249557372543525 0.0651696628270737 2.93209134850637 2.809548915063851 -195.3491780798718 -29.5646224524691
 -2.869713493432007 -0.028686281466479 2.924949896530042 2.809755802882349 98.31294680312888 43.2716442885715
 -2.557608900406201 0.1086840178623194 2.915839694963591 2.809664735322138 -204.6117126777465 -62.55527491520234
 -3.207169893033968 -0.08990415647165628 2.907720301628968 2.810009763950273 -37.71757585264636 5.806341559935002
 -3.326908229074115 -0.07147132612265628 2.897538809905051 2.809724353929728 -10.04570495743978 -6.901806188051663
 -3.35879935592313 -0.09338182195774092 2.886977196479418 2.809497460830926 -264.5517101884035 -4.789152457364132
 -4.198646054933935 -0.1085854805525477 2.87631434138125 2.809201010602489 164.28458178512 9.329851962699953
 -3.677107700060538 -0.07896690289318276 2.862985306286221 2.808856294791211 43.53949373150054 -6.439813668178751
 -3.538887085039901 -0.09941075580803593 2.851311948508251 2.808605606210597 -109.0428710600625 16.85386010903589
 -3.88505492967502 -0.04590643800157279 2.840077386333522 2.808290016509619 -27.00707378292944 -351.2819983847868
 -3.97079167184305 -1.161087385254864 2.827743878620268 2.808144281785805 12.96747953937912 381.1027551864378
 -3.929625070130736 0.04876263121001756 2.815138190773147 2.804458290086583 -78.7267970657112 -116.5209077623834
 -4.179551410021882 -0.3211450124800885 2.802663190550509 2.804613092090424 31.49077978902262 88.66552554002632
 -4.079580680532922 -0.03966715362286211 2.789394773375837 2.803593584114297 23.84882126794541 -31.95886937741709
 -4.003870136825158 -0.1411238818051386 2.776443723596367 2.803467656642479 -60.34936733953651 14.04443239057203
 -4.195455429966544 -0.09653838215252897 2.763733024749303 2.803019644319288 78.48292227153036 -10.7156789420895
 -3.94630329577121 -0.1305564105401147 2.750414118622425 2.802713173264835 110.9414392488207 32.0207942820138
 -3.594108250536858 -0.0289030953591185 2.737886171651723 2.80229870846947 -115.795034299158 27.21778521621809
 -3.961711534026249 0.05750257199395481 2.726476304189701 2.802206952611187 122.3636403963636 -25.4460028009619
 -3.573255532767952 -0.0232783892789401 2.71389944217692 2.802389500458787 18.5516167189963 -66.20439855975266
 -3.514361511437805 -0.2334510831194248 2.702555773818926 2.802315600810282 40.18630239056706 71.48221054040118
 -3.386785948293147 -0.006523430610214653 2.691399070608012 2.801574486260697 -14.00039694808589 -54.29594456409122
 -3.431231652890245 -0.1788915085914566 2.68064736918486 2.801553776957172 -1.979865927476698 35.93391956402102
 -3.437516941548902 -0.06481557346758038 2.669754570286795 2.800985867406088 71.93212760295931 54.47945018723588
 -3.209160980904586 0.1081350620474542 2.658841818091402 2.800780103680794 124.8175910278756 -31.38749497470791
 -2.812914660181172 0.008492220857905242 2.64865400545361 2.801123389592056 56.66173226125913 176.3847162168875
 -2.633036145066063 0.5684437009115162 2.639724117643511 2.801150349023351 86.6619272332173 -165.9895572930049
 -2.357918915754262 0.04149272537816717 2.631365272738539 2.802954932200848 34.7940203432629 -41.47555334448836
 -2.247461708315333 -0.09017569793766889 2.623879815863129 2.803086655138556 -36.98356444305787 5.926321524758771
 -2.364869849404405 -0.07136197881145057 2.616745016789112 2.802800383081611 118.6130363652918 39.7495973213377
 -1.988320527609828 0.05482721903406595 2.609237493457669 2.80257383711713 19.00394777142503 -35.60921418151719
 -1.927990534684669 -0.0582179053517029 2.60292536479859 2.802747891780731 47.64873176776209 -61.12343532232044
 -1.776724719548917 -0.2522605571685932 2.596804759926576 2.802563073033582 116.3475855597055 -32.08538122164012
