# Created by Octave 3.8.0, Thu Jul 17 13:37:53 2014 BRT <roberto@knuth>
# name: dynamics_walk2
# type: matrix
# rows: 712
# columns: 6
 0.2931596675034598 0.4605554548432567 2.694740770537009 2.832648614746636 54.16613110294394 -6.163709574228582
 0.4651156392588374 0.4409881228615786 2.695671436148131 2.834110695555662 19.08438655536294 21.01727803337382
 0.5257009934028467 0.5077096404278447 2.69714799373308 2.835510657850461 7.941305650707709 16.83170065195421
 0.5509114875320775 0.5611436107515089 2.698816885775629 2.83712243448674 -22.44202728821403 5.0852847166459
 0.4796669564583822 0.5772873717567339 2.700565811132873 2.83890384277484 26.92734328766074 -4.901994301827506
 0.5651505859430195 0.5617254850842657 2.702088563375598 2.840736501097877 16.86035131371686 29.46292283666865
 0.6186755107484698 0.6552585734546423 2.703882692219862 2.842519756606081 -35.69145667798923 -56.91043555435221
 0.5053692990723135 0.4745905240757464 2.705846741460333 2.844599942553556 16.06755736067026 -11.13899939978875
 0.5563774176776159 0.4392286212192742 2.707451088441515 2.846106579137924 8.462881341541129 39.13660405834234
 0.5832437076507624 0.5634718087060753 2.709217365957952 2.847500955713223 49.2070687780232 -71.32452780782118
 0.7394566244063916 0.3370447363002937 2.711068933283828 2.849289755105941 -29.93879026682717 45.17960430330371
 0.6444128457815435 0.480472051548877 2.713416414631149 2.850359738395783 20.26678099535476 -52.62734001601409
 0.708751833068384 0.3134011308631179 2.715462169697123 2.851885046495938 -11.21493209170994 43.18148665990319
 0.6731488740470826 0.4504852154977312 2.717712175516387 2.8528799707209 2.064454516954906 58.51360416128044
 0.6797026979104315 0.6362426890256057 2.719849156068918 2.854310082516131 18.74060758162988 -77.93015038057693
 0.739196690233066 0.3888453862301233 2.722006942411491 2.85632990057653 20.26554786715741 25.67698214836188
 0.8035317628272165 0.470359615272542 2.724353598570961 2.857564330374086 -35.38093516436851 -100.8149944961879
 0.6912113337339831 0.1503120136973424 2.726904493056126 2.859057535501935 61.84302704336782 94.48735613396592
 0.8875384037129286 0.4502718744400913 2.72909881475052 2.8595347164978 -28.84121718298929 -75.31314790414142
 0.7959789840843912 0.2111825160142455 2.731916396984529 2.860964151019832 2.737897672236089 96.63590507623944
 0.8046707227264105 0.5179631670499263 2.734443314394321 2.861634571705591 40.71647830600775 -52.60782628956319
 0.933929384015324 0.3509541947021066 2.736997824625198 2.863278899220036 24.11369096166928 78.1011706014889
 1.010480783893639 0.5988944188338174 2.739962679812549 2.864393039520677 -24.01434381121095 -68.72116433873089
 0.9342447717945568 0.3807319923616559 2.743170555316973 2.866294291643959 48.76936937665221 -51.34334357748349
 1.089068166641072 0.2177372508458353 2.746136411735368 2.867502964635583 -77.4757783283795 50.26848248583327
 0.8431133148049463 0.3773197349278457 2.749593770994546 2.868194194003348 72.17871236637981 53.99874531742711
 1.072252084222025 0.5487443232371381 2.752270321200276 2.86939203443169 4.904225946026542 -63.36053410358697
 1.087821055479252 0.3475997705273381 2.755674296070822 2.871134079902284 -14.06752562848097 96.16686238343426
 1.043162243960265 0.6528913971414152 2.759127696246947 2.872237571237292 -68.53667297695252 -27.34159194528655
 0.825585504350892 0.5660926925532039 2.76243932241825 2.874310242339328 94.20167024719507 58.5610141210197
 1.124638425770559 0.7520006738897744 2.765060228781268 2.876107361998227 127.1255504936347 -19.82131940278578
 1.528211601940828 0.6890758503888672 2.768630509498 2.878494665724861 17.45514789167065 55.46871610933631
 1.583624769850893 0.8651670126407285 2.773481974900987 2.880682208107048 -51.81694511587719 -0.3787776606666404
 1.419126531387791 0.8639645438767074 2.778509355122736 2.883428770051939 -0.6886584628368664 -1.457152877543777
 1.416940314045452 0.8593386617257748 2.783014518714443 2.886171514635675 -37.05556879826464 -79.39368487962444
 1.299303587701754 0.6072952176634749 2.787512741933635 2.888899573879249 -24.65217950610801 20.13824489085723
 1.221042700380777 0.6712261538249265 2.791637515227926 2.890827495205165 20.78933451872412 -52.20468198884087
 1.287040587741806 0.505497004654003 2.795513841260881 2.892958371883974 47.58516477908346 -3.673373199272567
 1.438104602913499 0.4938355024340901 2.799599684396569 2.894563124279701 -49.77808813044851 -34.11274089771733
 1.280078926308901 0.3855410868857811 2.80416509583439 2.89613085603346 47.83483653848511 -13.81138385337494
 1.431935550240599 0.341695423859194 2.808228838457593 2.897354795991828 -23.82088456959884 5.207896321470685
 1.356313694464095 0.3582284280543391 2.812774665601214 2.898439543369158 54.47658927797848 -61.76958972018907
 1.529255247727519 0.1621344924346912 2.817080423361417 2.899576776474093 15.97813016325303 58.00596050103321
 1.579979470468005 0.3462803987871776 2.821935201925632 2.900091489148489 -14.75404341606698 -57.29208753423779
 1.533141237401126 0.1644007558213434 2.826951009768387 2.901190792001781 13.38245284550643 18.48121633706074
 1.575625214688448 0.2230712838755045 2.831818124807756 2.901712699163119 70.36604665413391 -52.39063397913758
 1.799009489780936 0.05675181092586135 2.836820109616291 2.902420861969073 -51.50380156845949 52.50903008466303
 1.635505357817573 0.2234471445279662 2.84253125085369 2.902601026448203 11.43976411685399 -10.76689251057513
 1.671822069299649 0.1892665333832833 2.847723331354699 2.903310382462577 -9.698306799695034 -46.10974058160436
 1.641033793745061 0.04288640455279324 2.853030703003269 2.903911228600302 36.73656644480102 -5.798150485890363
 1.757657814204747 0.02447957761345876 2.858240334094523 2.904047375916342 -7.668783369849764 -3.454428661480757
 1.733312470173478 0.01351313741828175 2.863820200171364 2.904125088861147 52.37088322944404 -31.38459134797845
 1.899569242330443 -0.08612048590863397 2.869322779441756 2.904167987710094 15.78549092194709 43.89114277042525
 1.949681911923926 0.05321647526731921 2.875353157988836 2.90389458934213 -37.38468723371904 -44.65494737830797
 1.831000365150215 -0.088545262441595 2.881542624375896 2.904063530533455 21.44104593743024 -37.5413027147485
 1.899067177649993 -0.2077240012185744 2.887355323947802 2.903782434462212 2.116048404524162 -8.957779766546759
 1.90578479163261 -0.2361613973028498 2.893384108638754 2.903122993188502 -25.92712254336165 12.94580225260442
 1.823476466098128 -0.1950636123739469 2.899434219088382 2.902373274466906 -40.13562432770308 -62.4128745092726
 1.696061785692722 -0.3931997219271932 2.905223033266471 2.901754024903814 48.82578300248807 50.97023374970937
 1.851064271414906 -0.2313894560551 2.910607356395654 2.90050577181833 -2.162140898158016 -38.05671358534523
 1.844200332055674 -0.3522044198181007 2.916483750908082 2.899771202116568 -81.10622388073871 9.51620313470235
 1.586720256243805 -0.3219942511365059 2.92233835513683 2.898653092847304 -39.87197834144107 -75.98658634202653
 1.460142547223358 -0.5632215093651616 2.927375562299509 2.897630888875443 -1.165303233289916 117.5341587959666
 1.45644317187958 -0.1900971957271724 2.932010935465298 2.895842884083807 -55.08636095317402 -92.17797384755406
 1.281565835520297 -0.4827256841321059 2.936634564582376 2.895239400922768 -97.66851387494495 19.50196668140288
 0.971507061314123 -0.420814678794319 2.940703027552281 2.89370693843346 1.373136916478057 52.05226121780147
 0.9758662261283391 -0.2555694050870128 2.943787176953279 2.89237101881824 -119.9846445456253 -92.73549622553527
 0.5949625926501634 -0.5499678058029978 2.946885164972734 2.891559687373519 34.60126299863963 63.76600091905991
 0.7048078720109241 -0.3475360568536012 2.948773935108131 2.889813757831288 -166.8168639522669 -75.92103571896796
 0.1752305261307119 -0.5885552178661979 2.951011420416102 2.888710468761911 -83.87820945731234 11.5588190301219
